00
00
01
00
01
01
00
03
01
A8
01
A4
00
0C
01
00
01
00
00
0D
01
08
01
0C
00
0E
01
2B
01
00
00
1E
01
00
01
B7
00
01
01
2B
01
3F
00
02
01
06
01
00
00
10
01
00
01
00
00
11
01
60
01
70
00
05
01
00
01
00
00
06
01
00
01
00
00
16
01
EF
01
1C
00
17
01
00
01
03
00
07
01
02
01
33
00
0B
01
00
01
00
00
0F
01
00
01
00
00
41
01
00
01
00
00
42
01
00
01
00
00
48
01
00
01
00
00
49
01
01
01
3F
00
4A
01
00
01
00
00
4B
01
00
01
00
00
44
01
EF
01
00
00
45
01
00
01
00
00
46
01
01
01
3F
00
30
01
07
01
07
00
31
01
02
01
04
00
32
01
02
01
04
00
33
01
05
01
02
00
34
01
05
01
07
00
35
01
02
01
04
00
36
01
02
01
04
00
37
01
05
01
02
00
3A
01
03
01
02
00
3B
01
03
01
02
00
23
01
00
01
00
00
24
01
00
01
00
00
25
01
80
01
00
00
4f
01
00
01
00
00
4e
01
00
01
00
00
22